Hari,Gojek,Grab,Maxim,Motor Honda Putih,Motor Honda Hitam,Motor Yamaha Putih,Motor Yamaha Hitam,Mobil Putih Toyota,Mobil Hitam Toyota,Mobil Putih Honda,Mobil Hitam Honda
05.00 - 05.05,0,0,0,4,7,0,3,0,0,0,0
05.05 - 05.10,0,1,1,5,10,1,5,0,1,1,0
05.10 - 05.15,1,0,1,7,12,3,7,1,1,0,1
05.15 - 05.20,2,0,0,8,18,0,9,0,1,1,1
05.20 - 05.25,2,2,2,8,17,4,6,1,2,0,0
05.25 - 05.30,4,1,1,15,16,2,9,3,3,0,1
05.30 - 05.35,5,1,1,17,23,8,9,1,0,1,0
05.35 - 05.40,8,5,1,21,18,5,11,2,2,3,1
05.40 - 05.45,6,4,1,8,15,8,9,1,0,0,1
05.45 - 05.50,13,4,3,10,18,1,6,0,1,1,2
05.50 - 05.55,5,0,2,18,21,8,13,3,2,2,1
05.55 - 06.00,6,3,3,7,23,4,4,2,4,3,4
11.00 - 11.05,7,3,1,19,31,6,8,7,2,1,1
11.05 - 11.10,10,1,1,19,21,5,3,6,5,1,0
11.10 - 11.15,4,7,0,10,32,4,22,0,8,4,4
11.15 - 11.20,9,7,2,14,30,3,15,3,3,2,2
11.20 - 11.25,15,8,1,19,21,12,9,3,5,0,6
11.25 - 11.30,16,10,3,14,31,15,14,2,4,6,3
11.30 - 11.35,11,9,1,8,15,6,10,4,7,3,4
11.35 - 11.40,6,4,0,18,33,18,22,1,5,7,2
11.40 - 11.45,5,4,0,12,26,17,13,5,5,9,0
11.45 - 11.50,5,7,2,8,12,5,8,2,3,6,9
11.50 - 11.55,7,3,1,9,20,9,14,5,4,0,1
11.55 - 11.00,11,6,1,15,23,15,19,4,2,4,1
20.00 - 20.05,9,2,0,15,18,5,13,5,2,2,2
20.05 - 20.10,8,1,0,15,32,3,17,2,5,2,4
20.10 - 20.15,7,6,1,5,24,5,13,4,2,1,1
20.15 - 20.20,4,3,1,11,19,7,12,2,4,0,2
20.20 - 20.25,10,3,2,19,13,3,10,2,5,0,3
20.25 - 20.30,14,7,2,20,25,0,19,5,5,1,2
20.30 - 20.35,7,8,2,7,30,2,15,4,5,3,4
20.35 - 20.40,13,5,0,5,25,3,10,3,4,0,2
20.40 - 20.45,5,3,0,8,24,8,9,1,2,3,3
20.45 - 20.50,5,2,1,9,17,2,13,0,0,0,4
20.50 - 20.55,8,2,0,11,20,4,9,1,3,3,2
20.55 - 20.00,3,3,1,15,21,6,12,3,1,2,3
05.00 - 05.05,1,0,0,7,7,2,6,1,1,0,0
05.05 - 05.10,0,0,0,9,14,1,10,0,1,0,1
05.10 - 05.15,1,1,1,11,17,0,8,1,1,0,0
05.15 - 05.20,1,1,1,14,17,5,6,1,1,1,2
05.20 - 05.25,1,1,1,7,13,3,14,1,0,0,0
05.25 - 05.30,2,3,0,8,18,2,8,2,3,1,1
05.30 - 05.35,1,1,0,13,16,6,5,2,1,1,2
05.35 - 05.40,3,1,1,10,12,4,8,1,2,1,1
05.40 - 05.45,6,1,0,11,18,5,8,2,3,1,0
05.45 - 05.50,2,2,0,12,17,3,10,2,4,1,0
05.50 - 05.55,2,2,0,6,19,1,9,3,1,1,1
05.55 - 06.00,4,4,2,8,20,2,6,2,3,1,1
11.00 - 11.05,5,1,2,3,11,4,9,1,2,2,1
11.05 - 11.10,2,2,0,4,13,8,8,0,4,0,1
11.10 - 11.15,6,3,1,12,16,6,11,7,3,5,5
11.15 - 11.20,11,6,0,10,22,7,9,6,3,6,8
11.20 - 11.25,2,4,0,23,30,10,19,5,4,4,3
11.25 - 11.30,7,5,1,11,28,9,20,4,3,6,6
11.30 - 11.35,9,5,3,4,18,12,15,3,4,4,3
11.35 - 11.40,8,3,0,10,21,3,12,5,6,2,2
11.40 - 11.45,11,6,1,15,19,6,10,3,3,6,3
11.45 - 11.50,9,8,1,13,26,4,16,3,6,2,4
11.50 - 11.55,11,5,2,16,20,9,11,3,5,4,2
11.55 - 11.00,10,3,1,10,23,8,17,2,4,3,2
20.00 - 20.05,12,1,1,12,21,13,14,4,4,2,4
20.05 - 20.10,8,1,2,21,36,11,13,3,3,1,3
20.10 - 20.15,6,6,2,10,30,12,12,2,2,1,1
20.15 - 20.20,6,4,3,12,20,14,18,1,2,1,2
20.20 - 20.25,14,3,1,20,25,13,15,3,2,1,0
20.25 - 20.30,5,6,1,17,32,15,16,1,6,0,1
20.30 - 20.35,3,8,2,5,34,12,21,3,1,2,5
20.35 - 20.40,5,9,0,5,15,9,11,3,2,4,2
20.40 - 20.45,6,1,3,5,30,7,13,2,2,4,3
20.45 - 20.50,12,2,1,17,11,8,14,0,3,1,2
20.50 - 20.55,9,3,2,7,14,9,12,1,1,1,3
20.55 - 21.00,8,3,0,13,12,8,14,2,4,2,0
05.00 - 05.05,0,0,0,6,6,2,5,1,1,0,0
05.05 - 05.10,1,0,0,8,13,1,9,0,0,0,1
05.10 - 05.15,2,1,1,10,16,0,7,0,1,0,0
05.15 - 05.20,0,0,1,13,16,5,5,1,1,1,1
05.20 - 05.25,0,1,0,6,12,3,13,0,0,0,0
05.25 - 05.30,2,3,1,7,17,1,7,2,2,0,0
05.30 - 05.35,1,2,0,12,15,6,4,1,0,0,2
05.35 - 05.40,2,3,2,9,11,4,7,0,2,1,0
05.40 - 05.45,6,3,0,10,17,5,7,1,3,1,0
05.45 - 05.50,1,2,0,11,16,2,7,2,3,1,0
05.50 - 05.55,2,2,0,5,18,1,8,3,1,0,0
05.55 - 06.00,4,4,2,7,19,1,5,1,3,1,1
11.00 - 11.05,4,0,2,2,10,4,8,1,2,1,1
11.05 - 11.10,2,1,0,3,12,9,7,0,4,0,0
11.10 - 11.15,6,2,1,11,15,7,10,1,3,7,4
11.15 - 11.20,10,6,0,10,21,7,8,5,2,6,7
11.20 - 11.25,2,3,0,22,29,11,12,7,3,3,3
11.25 - 11.30,7,4,1,6,21,10,19,4,1,5,6
11.30 - 11.35,8,5,3,3,19,12,9,4,3,4,3
11.35 - 11.40,7,3,1,9,27,3,11,7,5,1,2
11.40 - 11.45,10,6,0,14,28,5,9,3,2,5,2
11.45 - 11.50,9,7,3,12,25,3,6,2,6,1,4
11.50 - 11.55,10,5,1,16,12,9,10,2,2,1,2
11.55 - 11.00,9,2,1,2,22,10,11,6,4,2,1
20.00 - 20.05,11,1,0,11,20,12,13,4,3,2,4
20.05 - 20.10,8,1,0,20,34,11,12,3,3,1,3
20.10 - 20.15,5,5,2,9,28,5,12,3,3,0,1
20.15 - 20.20,6,4,3,11,19,13,17,1,2,1,2
20.20 - 20.25,13,3,1,19,17,3,14,3,2,1,0
20.25 - 20.30,4,6,1,16,31,4,15,5,0,0,1
20.30 - 20.35,3,7,2,4,33,10,7,3,1,2,7
20.35 - 20.40,5,8,0,5,14,9,10,3,2,4,2
20.40 - 20.45,6,1,3,5,29,7,9,2,2,4,3
20.45 - 20.50,12,2,1,16,10,8,13,0,3,1,2
20.50 - 20.55,9,3,3,6,13,3,3,1,1,1,3
20.55 - 20.00,7,3,1,12,11,6,10,2,4,2,0
05.00 - 05.05,0,0,0,5,6,3,5,0,0,0,0
05.05 - 05.10,1,0,0,8,12,2,9,0,1,0,0
05.10 - 05.15,2,1,1,10,15,4,7,1,1,0,2
05.15 - 05.20,1,2,1,13,15,5,5,1,1,1,1
05.20 - 05.25,1,1,0,6,11,10,13,0,0,0,1
05.25 - 05.30,2,3,2,7,17,11,14,2,2,0,0
05.30 - 05.35,1,2,0,12,14,8,9,1,0,0,2
05.35 - 05.40,2,1,2,9,10,7,7,0,2,1,0
05.40 - 05.45,6,3,0,10,17,8,7,1,3,1,0
05.45 - 05.50,2,4,2,11,15,7,9,2,3,1,0
05.50 - 05.55,3,2,0,5,18,5,9,3,1,0,0
05.55 - 06.00,5,3,2,7,19,6,11,1,3,1,1
13.00 - 13.05,4,3,2,12,15,11,13,2,2,1,2
13.05 - 13.10,2,4,1,8,12,9,10,0,4,2,3
13.10 - 13.15,6,2,1,11,15,9,12,1,3,7,4
13.15 - 13.20,10,6,0,10,21,7,16,5,2,6,4
13.20 - 13.25,6,3,0,22,29,19,27,5,4,3,3
13.25 - 13.30,8,4,2,20,26,19,21,6,7,5,6
13.30 - 13.35,9,5,0,12,19,12,10,3,3,4,5
13.35 - 13.40,12,5,1,9,27,8,11,7,5,1,3
13.40 - 13.45,9,6,0,14,28,5,10,3,6,3,2
13.45 - 13.50,10,7,3,9,25,4,12,3,6,2,4
13.50 - 13.55,10,8,1,12,20,12,14,4,4,2,4
13.55 - 13.00,9,8,2,10,22,9,11,6,5,2,3
20.00 - 20.05,11,8,0,15,22,12,19,3,5,2,4
20.05 - 20.10,8,6,1,12,34,11,12,4,2,1,3
20.10 - 20.15,5,6,1,9,28,5,12,3,3,1,2
20.15 - 20.20,6,4,1,11,19,13,17,2,4,2,2
20.20 - 20.25,12,10,1,19,17,3,14,3,2,1,2
20.25 - 20.30,5,9,3,16,31,4,15,5,6,4,5
20.30 - 20.35,4,7,0,4,33,10,7,3,5,2,7
20.35 - 20.40,11,8,1,5,14,9,10,3,3,4,4
20.40 - 20.45,6,3,1,5,29,7,9,2,2,2,3
20.45 - 20.50,11,2,2,16,10,8,13,4,3,3,2
20.50 - 20.55,9,3,2,6,13,3,12,2,2,2,3
20.55 - 20.00,7,3,0,12,11,6,10,2,4,2,1
05.00 - 05.05,0,0,0,5,11,2,5,0,1,2,2
05.05 - 05.10,1,0,0,3,10,7,6,0,1,2,2
05.10 - 05.15,2,3,1,9,17,2,2,2,2,1,1
05.15 - 05.20,2,2,1,3,12,3,3,2,1,0,1
05.20 - 05.25,1,2,1,12,15,3,5,1,2,1,1
05.25 - 05.30,2,1,0,4,22,7,6,1,0,2,2
05.30 - 05.35,1,2,0,8,13,1,12,1,2,0,1
05.35 - 05.40,3,0,0,2,12,1,3,0,0,0,1
05.40 - 05.45,4,1,0,4,16,1,4,1,0,1,0
05.45 - 05.50,3,1,1,10,12,3,8,2,1,0,0
05.50 - 05.55,1,1,0,7,22,0,2,3,0,1,2
05.55 - 06.00,2,3,0,11,31,0,4,4,0,0,1
13.00 - 13.05,5,4,0,3,20,5,17,2,3,2,5
13.05 - 13.10,3,4,2,5,32,1,7,0,4,3,6
13.10 - 13.15,6,3,1,9,33,5,17,7,3,2,4
13.15 - 13.20,5,4,0,15,43,3,13,3,1,0,3
13.20 - 13.25,3,3,2,11,38,8,3,3,2,1,7
13.25 - 13.30,1,3,2,17,42,7,12,0,2,2,2
13.30 - 13.35,8,6,0,19,45,9,21,5,2,3,3
13.35 - 13.40,10,2,0,9,49,6,23,1,4,1,7
13.40 - 13.45,7,1,2,7,19,4,12,4,6,2,1
13.45 - 13.50,3,5,1,9,28,7,5,3,3,0,0
13.50 - 13.55,4,5,2,4,15,11,8,7,7,2,3
13.55 - 13.00,9,6,0,7,31,5,9,2,6,5,2
20.00 - 20.05,2,1,1,10,33,5,6,1,1,1,0
20.05 - 20.10,4,2,1,8,26,8,15,0,1,1,0
20.10 - 20.15,6,0,2,9,43,6,19,3,3,3,8
20.15 - 20.20,7,0,1,11,26,9,9,4,7,3,12
20.20 - 20.25,2,1,0,12,61,3,11,1,5,3,2
20.25 - 20.30,6,0,0,16,45,8,8,3,2,1,2
20.30 - 20.35,9,1,1,7,55,9,9,0,6,2,0
20.35 - 20.40,5,2,3,6,31,4,5,0,1,5,4
20.40 - 20.45,8,1,2,9,51,5,13,5,11,4,5
20.45 - 20.50,14,1,1,5,63,8,8,5,4,0,2
20.50 - 20.55,5,1,2,9,13,6,9,4,4,1,6
20.55 - 20.00,1,3,0,6,20,7,11,3,1,0,2
05.00 - 05.05,0,1,0,2,10,1,6,2,1,1,0
05.05 - 05.10,1,1,0,4,9,2,13,0,1,0,0
05.10 - 05.15,3,0,1,6,17,4,9,3,2,1,1
05.15 - 05.20,5,2,0,12,30,7,20,0,4,1,2
05.20 - 05.25,1,3,1,8,12,2,16,1,2,0,2
05.25 - 05.30,2,2,0,6,17,4,10,1,1,1,5
05.30 - 05.35,4,1,1,8,19,3,12,0,1,2,1
05.35 - 05.40,3,3,2,13,21,7,13,1,0,0,1
05.40 - 05.45,1,1,1,5,14,5,8,2,1,2,2
05.45 - 05.50,2,1,2,8,18,2,9,0,3,1,0
05.50 - 05.55,1,3,0,4,13,6,12,1,1,0,1
05.55 - 06.00,1,1,0,12,18,1,11,1,1,1,2
13.00 - 13.05,23,10,4,25,43,19,20,10,10,6,4
13.05 - 13.10,22,3,3,14,51,23,22,4,8,6,3
13.10 - 13.15,12,4,5,28,56,16,31,8,12,9,3
13.15 - 13.20,17,3,1,28,35,13,21,7,6,4,9
13.20 - 13.25,32,5,0,17,42,12,8,2,8,8,7
13.25 - 13.30,12,7,2,21,44,10,4,2,3,0,6
13.30 - 13.35,25,5,4,27,31,19,29,4,4,4,11
13.35 - 13.40,16,18,1,18,43,18,22,5,5,9,14
13.40 - 13.45,9,9,0,29,33,20,24,3,8,6,7
13.45 - 13.50,11,10,2,21,22,31,18,9,11,6,2
13.50 - 13.55,23,7,5,12,45,25,23,5,8,4,5
13.55 - 13.00,14,8,4,23,17,16,19,3,15,7,5
20.00 - 20.05,3,1,2,23,56,13,30,6,5,3,5
20.05 - 20.10,1,0,0,26,45,7,22,3,9,4,5
20.10 - 20.15,16,4,2,17,62,19,25,7,10,4,1
20.15 - 20.20,9,6,1,8,52,5,37,6,7,1,3
20.20 - 20.25,6,3,4,45,44,6,32,2,8,3,7
20.25 - 20.30,24,3,2,28,56,12,22,0,12,1,5
20.30 - 20.35,13,4,3,23,61,9,18,6,7,2,3
20.35 - 20.40,9,2,4,17,55,16,31,4,11,2,4
20.40 - 20.45,8,5,0,15,43,18,15,5,4,2,5
20.45 - 20.50,8,2,2,24,36,6,16,1,3,2,6
20.50 - 20.55,6,5,2,16,28,5,10,3,6,3,7
20.55 - 20.00,7,3,0,8,21,2,5,1,4,5,6
05.00 - 05.05,1,0,0,4,7,3,5,0,2,1,0
05.05 - 05.10,2,0,0,8,11,3,7,0,2,1,1
05.10 - 05.15,0,2,1,7,12,4,9,3,1,1,2
05.15 - 05.20,0,0,0,4,18,2,14,1,1,3,1
05.20 - 05.25,5,0,2,9,17,5,17,0,1,1,3
05.25 - 05.30,7,0,2,13,28,1,6,1,0,2,3
05.30 - 05.35,1,1,2,6,23,3,11,0,3,0,6
05.35 - 05.40,0,2,1,15,18,5,8,2,0,0,4
05.40 - 05.45,3,0,1,7,27,0,20,4,1,1,0
05.45 - 05.50,8,0,0,8,21,1,7,3,0,1,1
05.50 - 05.55,5,1,0,18,23,14,15,1,3,2,2
05.55 - 06.00,1,1,3,5,19,2,18,1,2,1,1
11.00 - 11.05,15,5,1,26,57,12,19,10,7,6,14
11.05 - 11.10,17,3,1,31,47,15,21,8,13,2,7
11.10 - 11.15,16,7,3,29,43,6,19,6,17,3,0
11.15 - 11.20,12,3,2,24,41,3,14,4,15,7,2
11.20 - 11.25,11,7,4,30,45,4,17,4,7,2,9
11.25 - 11.30,11,8,0,33,55,6,13,4,14,0,0
11.30 - 11.35,21,5,0,21,51,3,21,2,9,2,4
11.35 - 11.40,8,8,2,17,57,2,15,7,4,5,8
11.40 - 11.45,17,4,5,14,34,7,8,2,8,3,1
11.45 - 11.50,20,6,2,24,44,10,24,10,3,4,7
11.50 - 11.55,16,7,0,16,53,1,4,8,7,5,2
11.55 - 12.00,11,4,3,13,40,3,10,3,9,6,3
20.00 - 20.05,5,2,1,19,35,5,20,7,5,0,1
20.05 - 20.10,16,0,3,12,41,7,22,5,4,2,4
20.10 - 20.15,11,1,0,16,46,11,21,4,5,2,1
20.15 - 20.20,8,5,2,20,55,7,14,4,2,2,0
20.20 - 20.25,13,3,3,14,37,1,5,4,3,0,0
20.25 - 20.30,8,5,2,28,36,8,12,3,4,1,2
20.30 - 20.35,11,5,2,16,39,2,15,2,5,0,0
20.35 - 20.40,9,3,1,10,29,5,14,2,1,0,0
20.40 - 20.45,6,1,0,14,49,10,2,3,4,3,0
20.45 - 20.50,8,6,4,16,39,4,13,2,5,1,3
20.50 - 20.55,10,10,3,17,40,8,9,1,1,4,7
20.55 - 20.00,4,2,2,12,23,5,8,2,2,6,4